6.000000000000000000e+00
6.073979999999999713e+00
6.147420000000000329e+00
6.221619999999999706e+00
6.291619999999999990e+00
6.361959999999999837e+00
6.434000000000000163e+00
6.500020000000000131e+00
6.569079999999999586e+00
6.637120000000000353e+00
6.705580000000000318e+00
6.771279999999999966e+00
6.837180000000000035e+00
6.901340000000000252e+00
6.965360000000000440e+00
7.028240000000000265e+00
7.091420000000000279e+00
7.152400000000000091e+00
7.211800000000000210e+00
7.273799999999999599e+00
7.332519999999999705e+00
7.388639999999999652e+00
7.446679999999999744e+00
7.503219999999999779e+00
7.557360000000000078e+00
7.614840000000000053e+00
7.669859999999999900e+00
7.725159999999999805e+00
7.780660000000000132e+00
7.835460000000000313e+00
7.890640000000000320e+00
7.942759999999999820e+00
7.995960000000000178e+00
8.047539999999999694e+00
8.098720000000000141e+00
8.149979999999999336e+00
8.198859999999999815e+00
8.247059999999999391e+00
8.297980000000000800e+00
8.345679999999999765e+00
8.390480000000000160e+00
8.438200000000000145e+00
8.486560000000000770e+00
8.532740000000000435e+00
8.580280000000000129e+00
8.626099999999999213e+00
8.669119999999999493e+00
8.713760000000000616e+00
8.757260000000000488e+00
8.799680000000000391e+00
8.841900000000000759e+00
8.882179999999999964e+00
8.925259999999999749e+00
8.966039999999999566e+00
9.005160000000000053e+00
9.046979999999999578e+00
9.088219999999999743e+00
9.127140000000000697e+00
9.165760000000000574e+00
9.205379999999999896e+00
9.243199999999999861e+00
9.279980000000000118e+00
9.317339999999999733e+00
9.352560000000000429e+00
9.388059999999999405e+00
9.425179999999999225e+00
9.459020000000000650e+00
9.492879999999999541e+00
9.528240000000000265e+00
9.564740000000000464e+00
9.600500000000000256e+00
9.632999999999999119e+00
9.664320000000000022e+00
9.694100000000000605e+00
9.726219999999999644e+00
9.757479999999999265e+00
9.786160000000000636e+00
9.816280000000000783e+00
9.847039999999999793e+00
9.879580000000000695e+00
9.910880000000000578e+00
9.938579999999999970e+00
9.967320000000000846e+00
9.994899999999999451e+00
1.002588000000000079e+01
1.005161999999999978e+01
1.007914000000000065e+01
1.010501999999999967e+01
1.013475999999999999e+01
1.016025999999999918e+01
1.018974000000000046e+01
1.021491999999999933e+01
1.023858000000000068e+01
1.026219999999999999e+01
1.028675999999999924e+01
1.031156000000000006e+01
1.033704000000000001e+01
1.035904000000000025e+01
1.038274000000000008e+01
1.040291999999999994e+01
1.042534000000000027e+01
1.044618000000000002e+01
1.046781999999999968e+01
1.049046000000000056e+01
1.051301999999999914e+01
1.053445999999999927e+01
1.055202000000000062e+01
1.057144000000000084e+01
1.059220000000000006e+01
1.061078000000000010e+01
1.063414000000000037e+01
1.065461999999999954e+01
1.067225999999999964e+01
1.069228000000000023e+01
1.071269999999999989e+01
1.073137999999999970e+01
1.075451999999999941e+01
1.077204000000000050e+01
1.078828000000000031e+01
1.080255999999999972e+01
1.082094000000000023e+01
1.084027999999999992e+01
1.085721999999999987e+01
1.087198000000000064e+01
1.088683999999999941e+01
1.090108000000000033e+01
1.091680000000000028e+01
1.093654000000000082e+01
1.094960000000000022e+01
1.096560000000000024e+01
1.098060000000000080e+01
1.099712000000000067e+01
1.101262000000000008e+01
1.102616000000000085e+01
1.104157999999999973e+01
1.105899999999999928e+01
1.107503999999999955e+01
1.109064000000000050e+01
1.110430000000000028e+01
1.111930000000000085e+01
1.113547999999999938e+01
1.114941999999999922e+01
1.116075999999999979e+01
1.117328000000000010e+01
1.118556000000000061e+01
1.119955999999999996e+01
1.121212000000000053e+01
1.122711999999999932e+01
1.123648000000000025e+01
1.125056000000000012e+01
1.126434000000000069e+01
1.127441999999999922e+01
1.128780000000000072e+01
1.130111999999999917e+01
1.131545999999999985e+01
1.132901999999999987e+01
1.134290000000000020e+01
1.135626000000000069e+01
1.136875999999999998e+01
1.138348000000000049e+01
1.139603999999999928e+01
1.140681999999999974e+01
1.141680000000000028e+01
1.142834000000000039e+01
1.144061999999999912e+01
1.144846000000000075e+01
1.145950000000000024e+01
1.146906000000000070e+01
1.148010000000000019e+01
1.148886000000000074e+01
1.149817999999999962e+01
1.150601999999999947e+01
1.151507999999999932e+01
1.152618000000000009e+01
1.153631999999999991e+01
1.154584000000000010e+01
1.155310000000000059e+01
1.156109999999999971e+01
1.157060000000000066e+01
1.157872000000000057e+01
1.158538000000000068e+01
1.159249999999999936e+01
1.159932000000000052e+01
1.160848000000000013e+01
1.161703999999999937e+01
1.162199999999999989e+01
1.163000000000000078e+01
1.163770000000000060e+01
1.164606000000000030e+01
1.165548000000000073e+01
1.166432000000000002e+01
1.167266000000000048e+01
1.168224000000000018e+01
1.168937999999999988e+01
1.169561999999999991e+01
1.170570000000000022e+01
1.171321999999999974e+01
1.172049999999999947e+01
1.172578000000000031e+01
1.173356000000000066e+01
1.174009999999999998e+01
1.174479999999999968e+01
1.174854000000000021e+01
1.175761999999999929e+01
1.176305999999999941e+01
1.177096000000000053e+01
1.177685999999999922e+01
1.178120000000000012e+01
1.178801999999999950e+01
1.179278000000000048e+01
1.179958000000000062e+01
1.180408000000000079e+01
1.181278000000000006e+01
1.182098000000000049e+01
1.182254000000000005e+01
1.182639999999999958e+01
1.183106000000000080e+01
1.183553999999999995e+01
1.184135999999999989e+01
1.184651999999999994e+01
1.185364000000000040e+01
1.186065999999999931e+01
1.186622000000000021e+01
1.186944000000000088e+01
1.187418000000000085e+01
1.187567999999999913e+01
1.188115999999999950e+01
1.188645999999999958e+01
1.189223999999999926e+01
1.189617999999999931e+01
1.190161999999999942e+01
1.190371999999999986e+01
1.191019999999999968e+01
1.191502000000000017e+01
1.191685999999999979e+01
1.192001999999999917e+01
1.192393999999999998e+01
1.192792000000000030e+01
1.193180000000000085e+01
1.193374000000000024e+01
1.193817999999999913e+01
1.194040000000000035e+01
1.194459999999999944e+01
1.194679999999999964e+01
1.195048000000000066e+01
1.195617999999999981e+01
1.195875999999999983e+01
1.196491999999999933e+01
1.196937999999999924e+01
1.197443999999999953e+01
1.197813999999999979e+01
1.198015999999999970e+01
1.198038000000000025e+01
1.198343999999999987e+01
1.198747999999999969e+01
1.199056000000000033e+01
1.199517999999999951e+01
1.199966000000000044e+01
1.200238000000000049e+01
1.200586000000000020e+01
1.200650000000000084e+01
1.201215999999999973e+01
1.201430000000000042e+01
1.201651999999999987e+01
1.201858000000000004e+01
1.202214000000000027e+01
1.202210000000000001e+01
1.202627999999999986e+01
1.202783999999999942e+01
1.202898000000000067e+01
1.203058000000000050e+01
1.203002000000000038e+01
1.203062000000000076e+01
1.203410000000000046e+01
1.203678000000000026e+01
1.203759999999999941e+01
1.203874000000000066e+01
1.204226000000000063e+01
1.204826000000000086e+01
1.205139999999999922e+01
1.204847999999999963e+01
1.205003999999999920e+01
1.205676000000000059e+01
1.205770000000000053e+01
1.205816000000000088e+01
1.205826000000000064e+01
1.205861999999999945e+01
1.206164000000000058e+01
1.206559999999999988e+01
1.207343999999999973e+01
1.207657999999999987e+01
1.207862000000000080e+01
1.207991999999999955e+01
1.208258000000000010e+01
1.208553999999999995e+01
1.208681999999999945e+01
1.208796000000000070e+01
1.209012000000000064e+01
1.209503999999999913e+01
1.209720000000000084e+01
1.209612000000000087e+01
1.209744000000000064e+01
1.209653999999999918e+01
1.209960000000000058e+01
1.210211999999999932e+01
1.210261999999999993e+01
1.210848000000000013e+01
1.210974000000000039e+01
1.211323999999999934e+01
1.211264000000000074e+01
1.211350000000000016e+01
1.211514000000000024e+01
1.211824000000000012e+01
1.212083999999999939e+01
1.212411999999999956e+01
1.212634000000000079e+01
1.212711999999999968e+01
1.212847999999999971e+01
1.213017999999999930e+01
1.213030000000000008e+01
1.213030000000000008e+01
1.212930000000000064e+01
1.213171999999999962e+01
1.213153999999999932e+01
1.213003999999999927e+01
1.213108000000000075e+01
1.213087999999999944e+01
1.213175999999999988e+01
1.213475999999999999e+01
1.213453999999999944e+01
1.213757999999999981e+01
1.213860000000000028e+01
1.214181999999999917e+01
1.214193999999999996e+01
1.214259999999999984e+01
1.214436000000000071e+01
1.214338000000000051e+01
1.214460000000000051e+01
1.214603999999999928e+01
1.214938000000000073e+01
1.215046000000000070e+01
1.215249999999999986e+01
1.215140000000000065e+01
1.215324000000000026e+01
1.215395999999999965e+01
1.215465999999999980e+01
1.215460000000000029e+01
1.215196000000000076e+01
1.215185999999999922e+01
1.215457999999999927e+01
1.215659999999999918e+01
1.215802000000000049e+01
1.215659999999999918e+01
1.215872000000000064e+01
1.215771999999999942e+01
1.215799999999999947e+01
1.216067999999999927e+01
1.216324000000000005e+01
1.216352000000000011e+01
1.216573999999999955e+01
1.216671999999999976e+01
1.216667999999999950e+01
1.216970000000000063e+01
1.217374000000000045e+01
1.217312000000000083e+01
1.217531999999999925e+01
1.217562000000000033e+01
1.217604000000000042e+01
1.217699999999999960e+01
1.218037999999999954e+01
1.218207999999999913e+01
1.218127999999999922e+01
1.218204000000000065e+01
1.218427999999999933e+01
1.218379999999999974e+01
1.218654000000000082e+01
1.218664000000000058e+01
1.219034000000000084e+01
1.219209999999999994e+01
1.219368000000000052e+01
1.219302000000000064e+01
1.219292000000000087e+01
1.219036000000000008e+01
1.218953999999999915e+01
1.219211999999999918e+01
1.219205999999999968e+01
1.219215999999999944e+01
1.219350000000000023e+01
1.219266000000000005e+01
1.219699999999999918e+01
1.219655999999999985e+01
1.219636000000000031e+01
1.219683999999999990e+01
1.219979999999999976e+01
1.219807999999999915e+01
1.219821999999999917e+01
1.219699999999999918e+01
1.220044000000000040e+01
1.219905999999999935e+01
1.220040000000000013e+01
1.219937999999999967e+01
1.220034000000000063e+01
1.219862000000000002e+01
1.219877999999999929e+01
1.219772000000000034e+01
1.219923999999999964e+01
1.220059999999999967e+01
1.220041999999999938e+01
1.220313999999999943e+01
1.220153999999999961e+01
1.220016000000000034e+01
1.220017999999999958e+01
1.219702000000000019e+01
1.220021999999999984e+01
1.219941999999999993e+01
1.220072000000000045e+01
1.220627999999999957e+01
1.220505999999999958e+01
1.220808000000000071e+01
1.220992000000000033e+01
1.221077999999999975e+01
1.221163999999999916e+01
1.220996000000000059e+01
1.220979999999999954e+01
1.220888000000000062e+01
1.220654000000000039e+01
1.220508000000000060e+01
1.220495999999999981e+01
1.220640000000000036e+01
1.220129999999999981e+01
1.220243999999999929e+01
1.220265999999999984e+01
1.220176000000000016e+01
1.220326000000000022e+01
1.220560000000000045e+01
1.220829999999999949e+01
1.220745999999999931e+01
1.221261999999999937e+01
1.221435999999999922e+01
1.221582000000000079e+01
1.221847999999999956e+01
1.221738000000000035e+01
1.221711999999999954e+01
1.221815999999999924e+01
1.221658000000000044e+01
1.222076000000000029e+01
1.222081999999999979e+01
1.222077999999999953e+01
1.222115999999999936e+01
1.221912000000000020e+01
1.221959999999999980e+01
1.221892000000000067e+01
1.222028000000000070e+01
1.222334000000000032e+01
1.222314000000000078e+01
1.222259999999999991e+01
1.222264000000000017e+01
1.222035999999999945e+01
1.221893999999999991e+01
1.221898000000000017e+01
1.221983999999999959e+01
1.221766000000000041e+01
1.221809999999999974e+01
1.221433999999999997e+01
1.221621999999999986e+01
1.221602000000000032e+01
1.221540000000000070e+01
1.221532000000000018e+01
1.221502000000000088e+01
1.221533999999999942e+01
1.221720000000000006e+01
1.222095999999999982e+01
1.222058000000000000e+01
1.221725999999999956e+01
1.221634000000000064e+01
1.221743999999999986e+01
1.221791999999999945e+01
1.221785999999999994e+01
1.222213999999999956e+01
1.222098000000000084e+01
1.222184000000000026e+01
1.222296000000000049e+01
1.222237999999999936e+01
1.222578000000000031e+01
1.222561999999999927e+01
1.222728000000000037e+01
1.222700000000000031e+01
1.222481999999999935e+01
1.222344000000000008e+01
1.222471999999999959e+01
1.222467999999999932e+01
1.222592000000000034e+01
1.222422000000000075e+01
1.222645999999999944e+01
1.222363999999999962e+01
1.222394000000000069e+01
1.222251999999999938e+01
1.222133999999999965e+01
1.222066000000000052e+01
1.221992000000000012e+01
