6.000000000000000000e+00
6.007299999999999862e+00
6.029700000000000060e+00
6.043899999999999828e+00
6.052299999999999791e+00
6.047600000000000087e+00
6.050799999999999734e+00
6.052800000000000402e+00
6.051899999999999835e+00
6.040600000000000414e+00
6.037600000000000300e+00
6.035000000000000142e+00
6.033900000000000041e+00
6.030000000000000249e+00
6.026799999999999713e+00
6.037399999999999878e+00
6.049299999999999677e+00
6.031399999999999650e+00
6.038999999999999702e+00
6.030000000000000249e+00
6.021300000000000097e+00
6.028800000000000381e+00
6.031900000000000261e+00
6.033000000000000362e+00
6.024899999999999700e+00
6.018200000000000216e+00
6.025800000000000267e+00
6.037499999999999645e+00
6.033999999999999808e+00
6.057400000000000340e+00
6.048700000000000188e+00
6.049199999999999910e+00
6.057599999999999874e+00
6.057800000000000296e+00
6.060800000000000409e+00
6.051800000000000068e+00
6.063600000000000101e+00
6.078199999999999825e+00
6.076399999999999579e+00
6.053099999999999703e+00
6.046199999999999797e+00
6.052100000000000257e+00
6.045300000000000118e+00
6.053899999999999615e+00
6.051000000000000156e+00
6.051599999999999646e+00
6.061899999999999622e+00
6.054700000000000415e+00
6.053499999999999659e+00
6.047500000000000320e+00
6.053700000000000081e+00
6.043499999999999872e+00
6.045399999999999885e+00
6.027800000000000047e+00
6.040199999999999569e+00
6.047799999999999621e+00
6.043899999999999828e+00
6.034900000000000375e+00
6.029600000000000293e+00
6.044800000000000395e+00
6.032499999999999751e+00
6.037399999999999878e+00
6.036999999999999922e+00
6.044299999999999784e+00
6.055299999999999905e+00
6.051300000000000345e+00
6.035899999999999821e+00
6.036299999999999777e+00
6.034500000000000419e+00
6.040600000000000414e+00
6.046899999999999942e+00
6.046400000000000219e+00
6.043700000000000294e+00
6.049000000000000377e+00
6.059300000000000352e+00
6.059700000000000308e+00
6.050300000000000011e+00
6.043999999999999595e+00
6.029899999999999594e+00
6.038000000000000256e+00
6.032700000000000173e+00
6.030599999999999739e+00
6.041999999999999815e+00
6.046000000000000263e+00
6.051999999999999602e+00
6.035099999999999909e+00
6.040199999999999569e+00
6.028400000000000425e+00
6.034299999999999997e+00
6.038400000000000212e+00
6.041599999999999859e+00
6.029600000000000293e+00
6.039299999999999891e+00
6.020100000000000229e+00
6.019800000000000040e+00
6.010699999999999932e+00
6.024099999999999788e+00
6.031900000000000261e+00
6.033599999999999852e+00
6.038499999999999979e+00
6.042900000000000382e+00
6.032300000000000217e+00
6.051400000000000112e+00
6.055900000000000283e+00
6.056600000000000428e+00
6.055799999999999628e+00
6.046899999999999942e+00
6.044299999999999784e+00
6.047600000000000087e+00
6.043999999999999595e+00
6.037899999999999601e+00
6.044299999999999784e+00
6.054999999999999716e+00
6.049500000000000099e+00
6.059899999999999842e+00
6.053399999999999892e+00
6.051999999999999602e+00
6.066499999999999559e+00
6.062800000000000189e+00
6.051499999999999879e+00
6.046599999999999753e+00
