6.000000000000000000e+00
6.012279999999999625e+00
6.023279999999999745e+00
6.043720000000000425e+00
6.048560000000000159e+00
6.052200000000000024e+00
6.065319999999999823e+00
6.067919999999999980e+00
6.069600000000000328e+00
6.063799999999999635e+00
6.064280000000000115e+00
6.061560000000000059e+00
6.066679999999999851e+00
6.061399999999999899e+00
6.067520000000000024e+00
6.067560000000000286e+00
6.053399999999999892e+00
6.056359999999999744e+00
6.057839999999999669e+00
6.057080000000000020e+00
6.056639999999999802e+00
6.046479999999999855e+00
6.049879999999999924e+00
6.053200000000000358e+00
6.056400000000000006e+00
6.057280000000000442e+00
6.057879999999999932e+00
6.050440000000000040e+00
6.044520000000000337e+00
6.046879999999999811e+00
6.045480000000000409e+00
6.039240000000000386e+00
6.042440000000000033e+00
6.037639999999999674e+00
6.044159999999999755e+00
6.037919999999999732e+00
6.034919999999999618e+00
6.039279999999999760e+00
6.039760000000000240e+00
6.040680000000000049e+00
6.037440000000000140e+00
6.031880000000000130e+00
6.031719999999999970e+00
6.035000000000000142e+00
6.030359999999999943e+00
6.034279999999999866e+00
6.029840000000000089e+00
6.035319999999999574e+00
6.040079999999999671e+00
6.046359999999999957e+00
6.046240000000000059e+00
6.044120000000000381e+00
6.040600000000000414e+00
6.035319999999999574e+00
6.036279999999999646e+00
6.038999999999999702e+00
6.036480000000000068e+00
6.042600000000000193e+00
6.039439999999999920e+00
6.037679999999999936e+00
6.043319999999999581e+00
6.051160000000000316e+00
6.051680000000000170e+00
6.052999999999999936e+00
6.046520000000000117e+00
6.034639999999999560e+00
6.041920000000000179e+00
6.037399999999999878e+00
6.033719999999999750e+00
6.038319999999999688e+00
6.046719999999999651e+00
6.055399999999999672e+00
6.051319999999999588e+00
6.048560000000000159e+00
6.050200000000000244e+00
6.045200000000000351e+00
6.049599999999999866e+00
6.049879999999999924e+00
6.045799999999999841e+00
6.048759999999999692e+00
6.049280000000000435e+00
6.050720000000000098e+00
6.054960000000000342e+00
6.053359999999999630e+00
6.059120000000000061e+00
6.062240000000000073e+00
6.050399999999999778e+00
6.043239999999999945e+00
6.041439999999999699e+00
6.042559999999999931e+00
6.038680000000000270e+00
6.038999999999999702e+00
6.038999999999999702e+00
6.041199999999999903e+00
6.042559999999999931e+00
6.043639999999999901e+00
6.045079999999999565e+00
6.043040000000000411e+00
6.041000000000000369e+00
6.042880000000000251e+00
6.044999999999999929e+00
6.052599999999999980e+00
6.047880000000000145e+00
6.060439999999999827e+00
6.055480000000000196e+00
6.057159999999999656e+00
6.062199999999999811e+00
6.068360000000000198e+00
6.067000000000000171e+00
6.063480000000000203e+00
6.066279999999999895e+00
6.064759999999999707e+00
6.062120000000000175e+00
6.057640000000000136e+00
6.050639999999999574e+00
6.054599999999999760e+00
6.049640000000000128e+00
6.044480000000000075e+00
6.046039999999999637e+00
6.049640000000000128e+00
6.042159999999999975e+00
